0 0.157 0.8117359413202934 0.182 0.33251833740831294
0 0.363 0.7347188264058679 0.362 0.3251833740831296
0 0.446 0.6577017114914425 0.272 0.37163814180929094
0 0.604 0.6980440097799511 0.248 0.21271393643031786
0 0.648 0.5941320293398533 0.112 0.10268948655256724
0 0.821 0.6735941320293398 0.254 0.3154034229828851
0 0.498 0.4474327628361858 0.148 0.22982885085574573
0 0.559 0.3594132029339853 0.11 0.21026894865525672
0 0.641 0.4718826405867971 0.11 0.15158924205378974
0 0.671 0.3105134474327628 0.11 0.19070904645476772
0 0.719 0.3056234718826406 0.058 0.15158924205378974
0 0.785 0.421760391198044 0.054 0.1100244498777506
0 0.856 0.3594132029339853 0.036 0.06845965770171149
0 0.88 0.3643031784841076 0.028 0.0488997555012225
0 0.765 0.33618581907090467 0.038 0.061124694376528114