0 0.094 0.5918803418803419 0.124 0.4829059829059829
0 0.218 0.5662393162393162 0.168 0.4829059829059829
0 0.11 0.4797008547008547 0.08 0.297008547008547
0 0.444 0.8269230769230769 0.376 0.2564102564102564
0 0.468 0.7767094017094017 0.324 0.2670940170940171
0 0.735 0.8365384615384616 0.238 0.25
0 0.928 0.7638888888888888 0.092 0.33547008547008544
0 0.452 0.5566239316239316 0.192 0.37393162393162394
0 0.623 0.5352564102564102 0.162 0.47649572649572647
0 0.716 0.532051282051282 0.092 0.42735042735042733
0 0.842 0.5384615384615384 0.156 0.405982905982906
0 0.916 0.4732905982905983 0.076 0.30128205128205127
0 0.444 0.47649572649572647 0.144 0.32051282051282054