0 0.39148936170212767 0.727 0.14893617021276595 0.43
0 0.26063829787234044 0.716 0.09574468085106383 0.416
0 0.14574468085106382 0.718 0.15531914893617021 0.42
0 0.26382978723404255 0.495 0.07659574468085106 0.086
0 0.3872340425531915 0.524 0.12340425531914893 0.156
0 0.3223404255319149 0.526 0.05319148936170213 0.072
0 0.5957446808510638 0.815 0.2297872340425532 0.266
0 0.8797872340425532 0.69 0.16808510638297872 0.376
0 0.6808510638297872 0.553 0.14042553191489363 0.242
0 0.5255319148936171 0.574 0.09361702127659574 0.184
0 0.8425531914893617 0.508 0.06382978723404255 0.116