0 0.2646239554317549 0.299 0.2395543175487465 0.354
0 0.5111420612813371 0.355 0.10863509749303621 0.17
0 0.616991643454039 0.371 0.07520891364902507 0.11
0 0.6796657381615598 0.379 0.06128133704735376 0.09
0 0.7395543175487466 0.38 0.04735376044568245 0.072
0 0.7952646239554317 0.384 0.04735376044568245 0.064
0 0.8440111420612814 0.386 0.033426183844011144 0.052
0 0.5167130919220055 0.831 0.12534818941504178 0.126
0 0.6183844011142061 0.671 0.07242339832869081 0.09
0 0.6866295264623955 0.599 0.052924791086350974 0.062
0 0.745125348189415 0.558 0.04178272980501393 0.048
0 0.8036211699164345 0.529 0.03064066852367688 0.038
0 0.8495821727019499 0.509 0.027855153203342618 0.03