0 0.357 0.5257847533632287 0.226 0.6524663677130045
0 0.752 0.625560538116592 0.244 0.4125560538116592
0 0.874 0.5 0.144 0.25112107623318386
0 0.659 0.31390134529147984 0.05 0.08968609865470852
0 0.696 0.31390134529147984 0.056 0.08071748878923767
0 0.746 0.3307174887892377 0.06 0.16367713004484305
0 0.775 0.3004484304932735 0.074 0.1210762331838565
0 0.816 0.3295964125560538 0.1 0.15246636771300448
0 0.894 0.3307174887892377 0.108 0.17713004484304934
0 0.95 0.3778026905829596 0.1 0.32062780269058294
0 0.776 0.4260089686098655 0.112 0.14798206278026907