0 0.08295964125560538 0.87 0.14349775784753363 0.244
0 0.226457399103139 0.897 0.13004484304932734 0.178
0 0.3710762331838565 0.902 0.15022421524663676 0.168
0 0.5358744394618834 0.873 0.17040358744394618 0.254
0 0.7926008968609866 0.847 0.1547085201793722 0.306
0 0.9248878923766816 0.891 0.1412556053811659 0.206
0 0.6827354260089686 0.612 0.1905829596412556 0.216
0 0.22982062780269058 0.627 0.1905829596412556 0.202
0 0.22757847533632286 0.437 0.1547085201793722 0.166
0 0.577354260089686 0.438 0.23542600896860988 0.22
0 0.7556053811659192 0.397 0.13901345291479822 0.19
0 0.8766816143497758 0.42 0.14798206278026907 0.22
0 0.7690582959641256 0.189 0.2062780269058296 0.202
0 0.24103139013452915 0.209 0.23542600896860988 0.238
0 0.5426008968609866 0.212 0.18385650224215247 0.208