0 0.071 0.6884236453201971 0.086 0.26354679802955666
0 0.133 0.708128078817734 0.118 0.2536945812807882
0 0.17 0.6169950738916257 0.052 0.07142857142857142
0 0.226 0.7672413793103449 0.112 0.30295566502463056
0 0.266 0.5110837438423645 0.04 0.13054187192118227
0 0.29 0.5049261083743842 0.028 0.14285714285714285
0 0.696 0.7352216748768473 0.104 0.2536945812807882
0 0.756 0.7179802955665024 0.072 0.23891625615763548
0 0.872 0.5406403940886699 0.056 0.1206896551724138
0 0.301 0.625615763546798 0.078 0.13793103448275862
0 0.35 0.6576354679802956 0.144 0.16748768472906403
0 0.347 0.5566502463054187 0.082 0.09359605911330049
0 0.424 0.4667487684729064 0.036 0.10098522167487685
0 0.791 0.4027093596059113 0.022 0.05172413793103448