0 0.2081151832460733 0.198 0.23298429319371727 0.22
0 0.4018324607329843 0.196 0.10209424083769633 0.252
0 0.4476439790575916 0.223 0.1099476439790576 0.19
0 0.10602094240837696 0.489 0.0968586387434555 0.218
0 0.1806282722513089 0.49 0.10471204188481675 0.236
0 0.2604712041884817 0.483 0.12303664921465969 0.234
0 0.31413612565445026 0.496 0.11518324607329843 0.228
0 0.3743455497382199 0.478 0.09947643979057591 0.216
0 0.44502617801047123 0.474 0.1256544502617801 0.188
0 0.387434554973822 0.568 0.2198952879581152 0.08
0 0.1400523560209424 0.798 0.1544502617801047 0.24
0 0.3900523560209424 0.807 0.24607329842931938 0.226
0 0.7225130890052356 0.159 0.16230366492146597 0.194
0 0.8965968586387435 0.173 0.12827225130890052 0.17
0 0.7212041884816754 0.39 0.20680628272251309 0.192
0 0.8900523560209425 0.391 0.14136125654450263 0.178
0 0.7447643979057592 0.627 0.2486910994764398 0.202
0 0.9267015706806283 0.612 0.09947643979057591 0.168
0 0.7290575916230366 0.844 0.12303664921465969 0.16
0 0.9214659685863874 0.838 0.11518324607329843 0.172
0 0.8141361256544503 0.885 0.13612565445026178 0.086