0 0.525990099009901 0.467 0.15594059405940594 0.23
0 0.8329207920792079 0.506 0.2103960396039604 0.272
0 0.15965346534653466 0.492 0.2400990099009901 0.28
0 0.3811881188118812 0.884 0.15346534653465346 0.16
0 0.5952970297029703 0.889 0.18564356435643564 0.142
0 0.20915841584158415 0.741 0.06188118811881188 0.074
0 0.48514851485148514 0.753 0.0594059405940594 0.054
0 0.823019801980198 0.785 0.05198019801980198 0.126
0 0.7524752475247525 0.783 0.054455445544554455 0.126
0 0.8898514851485149 0.78 0.04702970297029703 0.124
0 0.1051980198019802 0.764 0.03712871287128713 0.168
0 0.13613861386138615 0.142 0.039603960396039604 0.116
0 0.18193069306930693 0.13 0.04702970297029703 0.12
0 0.23886138613861385 0.142 0.03712871287128713 0.12
0 0.7858910891089109 0.135 0.027227722772277228 0.102
0 0.8366336633663366 0.127 0.04455445544554455 0.118
0 0.8886138613861386 0.136 0.034653465346534656 0.128