0 0.038 0.5842541436464088 0.072 0.22375690607734808
0 0.02 0.4102209944751381 0.036 0.1685082872928177
0 0.094 0.4488950276243094 0.08 0.31767955801104975
0 0.137 0.4129834254143646 0.038 0.24033149171270718
0 0.204 0.4143646408839779 0.096 0.2596685082872928
0 0.113 0.6795580110497238 0.134 0.32044198895027626
0 0.202 0.7527624309392266 0.22 0.4171270718232044
0 0.331 0.6450276243093923 0.15 0.31767955801104975
0 0.49 0.6850828729281768 0.348 0.4585635359116022
0 0.69 0.7403314917127072 0.372 0.23204419889502761
0 0.711 0.5193370165745856 0.074 0.3259668508287293
0 0.748 0.4281767955801105 0.052 0.143646408839779
0 0.786 0.5248618784530387 0.08 0.3259668508287293
0 0.879 0.5290055248618785 0.09 0.2955801104972376
0 0.968 0.5759668508287292 0.06 0.19060773480662985