0 0.126 0.6006944444444444 0.04 0.2013888888888889
0 0.155 0.5121527777777778 0.07 0.13541666666666666
0 0.255 0.6354166666666666 0.122 0.5555555555555556
0 0.336 0.65625 0.088 0.5625
0 0.405 0.6736111111111112 0.074 0.5833333333333334
0 0.792 0.6388888888888888 0.176 0.5972222222222222
0 0.951 0.6649305555555556 0.054 0.21180555555555555
0 0.915 0.5763888888888888 0.03 0.1111111111111111
0 0.881 0.5763888888888888 0.034 0.1111111111111111
0 0.881 0.21180555555555555 0.034 0.1111111111111111
0 0.763 0.2013888888888889 0.034 0.09722222222222222
0 0.295 0.1736111111111111 0.034 0.11805555555555555
0 0.365 0.1753472222222222 0.034 0.12152777777777778