0 0.5040214477211796 0.563 0.38605898123324395 0.234
0 0.5201072386058981 0.491 0.6058981233243967 0.386
0 0.22117962466487937 0.371 0.14209115281501342 0.134
0 0.7828418230563002 0.359 0.1769436997319035 0.134
0 0.03485254691689008 0.895 0.064343163538874 0.202
0 0.14745308310991956 0.911 0.13404825737265416 0.178
0 0.33646112600536193 0.918 0.1742627345844504 0.16
0 0.532171581769437 0.935 0.1742627345844504 0.13
0 0.6863270777479893 0.928 0.11796246648793565 0.124
0 0.8418230563002681 0.917 0.16085790884718498 0.158
0 0.9544235924932976 0.915 0.09115281501340483 0.17