0 0.049 0.6460280373831776 0.094 0.2967289719626168
0 0.134 0.7371495327102804 0.204 0.17990654205607476
0 0.117 0.6997663551401869 0.142 0.1378504672897196
0 0.116 0.5514018691588785 0.064 0.1588785046728972
0 0.207 0.5560747663551402 0.142 0.1542056074766355
0 0.091 0.338785046728972 0.13 0.3037383177570093
0 0.515 0.3119158878504673 0.122 0.3014018691588785
0 0.356 0.6308411214953271 0.072 0.35046728971962615
0 0.391 0.5408878504672897 0.114 0.32009345794392524
0 0.602 0.5467289719626168 0.144 0.2570093457943925
0 0.497 0.7768691588785047 0.27 0.25
0 0.679 0.7978971962616822 0.294 0.3060747663551402
0 0.792 0.6600467289719626 0.184 0.3247663551401869
0 0.871 0.6179906542056075 0.102 0.29205607476635514
0 0.952 0.6810747663551402 0.096 0.21261682242990654