0 0.105 0.6990131578947368 0.178 0.5164473684210527
0 0.194 0.6990131578947368 0.184 0.5032894736842105
0 0.259 0.5115131578947368 0.066 0.14802631578947367
0 0.359 0.694078947368421 0.138 0.5263157894736842
0 0.406 0.6069078947368421 0.088 0.33223684210526316
0 0.462 0.7516447368421053 0.116 0.3190789473684211
0 0.505 0.600328947368421 0.054 0.2598684210526316
0 0.59 0.6644736842105263 0.144 0.4407894736842105
0 0.687 0.7680921052631579 0.202 0.29276315789473684
0 0.704 0.6381578947368421 0.16 0.24342105263157895
0 0.816 0.7861842105263158 0.22 0.34210526315789475
0 0.825 0.5542763157894737 0.11 0.2138157894736842
0 0.897 0.6776315789473685 0.186 0.48026315789473684