0 0.169 0.5260989010989011 0.294 0.43131868131868134
0 0.24 0.43131868131868134 0.276 0.5824175824175825
0 0.353 0.42857142857142855 0.318 0.5989010989010989
0 0.186 0.9175824175824175 0.3 0.14285714285714285
0 0.326 0.7376373626373627 0.556 0.32142857142857145
0 0.461 0.33104395604395603 0.158 0.4258241758241758
0 0.586 0.5274725274725275 0.28 0.489010989010989
0 0.78 0.760989010989011 0.18 0.32967032967032966
0 0.874 0.8337912087912088 0.2 0.2445054945054945
0 0.896 0.46016483516483514 0.148 0.12912087912087913
0 0.915 0.5343406593406593 0.134 0.10164835164835165