0 0.088 0.6392405063291139 0.084 0.189873417721519
0 0.147 0.5848101265822785 0.05 0.09113924050632911
0 0.189 0.6481012658227848 0.126 0.19240506329113924
0 0.269 0.5962025316455696 0.058 0.08860759493670886
0 0.34 0.5848101265822785 0.092 0.10126582278481013
0 0.506 0.5848101265822785 0.112 0.13670886075949368
0 0.62 0.5822784810126582 0.092 0.10126582278481013
0 0.711 0.5860759493670886 0.078 0.10379746835443038
0 0.797 0.6430379746835443 0.186 0.18227848101265823
0 0.827 0.5924050632911393 0.066 0.11645569620253164
0 0.907 0.6481012658227848 0.142 0.17721518987341772
0 0.934 0.6050632911392405 0.072 0.13670886075949368
0 0.079 0.5278481012658228 0.034 0.17974683544303796