0 0.963 0.7305764411027569 0.074 0.5388471177944862
0 0.8 0.8132832080200502 0.392 0.37343358395989973
0 0.628 0.7531328320802005 0.392 0.49373433583959897
0 0.326 0.6666666666666666 0.336 0.6416040100250626
0 0.093 0.6879699248120301 0.174 0.5739348370927319
0 0.049 0.32957393483709274 0.074 0.16791979949874686
0 0.119 0.45363408521303256 0.074 0.3558897243107769
0 0.16 0.4598997493734336 0.08 0.41353383458646614
0 0.054 0.14411027568922305 0.104 0.18295739348370926
0 0.072 0.10401002506265664 0.092 0.19298245614035087
0 0.76 0.24185463659147868 0.132 0.2581453634085213
0 0.834 0.2769423558897243 0.164 0.21804511278195488