0 0.145 0.6140065146579805 0.178 0.3289902280130293
0 0.118 0.39087947882736157 0.12 0.2931596091205212
0 0.151 0.35993485342019543 0.078 0.25732899022801303
0 0.367 0.38599348534201955 0.122 0.6026058631921825
0 0.24 0.3517915309446254 0.056 0.2736156351791531
0 0.271 0.3306188925081433 0.074 0.30293159609120524
0 0.344 0.7296416938110749 0.172 0.50814332247557
0 0.534 0.6026058631921825 0.172 0.7687296416938111
0 0.761 0.741042345276873 0.33 0.43322475570032576
0 0.635 0.36482084690553745 0.114 0.4755700325732899
0 0.72 0.5276872964169381 0.144 0.2671009771986971
0 0.935 0.4788273615635179 0.13 0.6254071661237784
0 0.949 0.6905537459283387 0.086 0.39087947882736157