0 0.107 0.7080536912751678 0.134 0.38926174496644295
0 0.29 0.714765100671141 0.136 0.38926174496644295
0 0.507 0.6845637583892618 0.194 0.4563758389261745
0 0.532 0.6862416107382551 0.108 0.29194630872483224
0 0.715 0.714765100671141 0.142 0.40268456375838924
0 0.9 0.7030201342281879 0.128 0.3926174496644295
0 0.505 0.23657718120805368 0.078 0.1912751677852349
0 0.724 0.3187919463087248 0.06 0.12751677852348994
0 0.898 0.3288590604026846 0.064 0.1342281879194631
0 0.287 0.32046979865771813 0.058 0.15100671140939598
0 0.115 0.3422818791946309 0.074 0.14093959731543623