0 0.47 0.6038812785388128 0.5 0.6735159817351598
0 0.108 0.4029680365296804 0.208 0.7191780821917808
0 0.205 0.5068493150684932 0.394 0.9497716894977168
0 0.342 0.2522831050228311 0.24 0.4954337899543379
0 0.512 0.1780821917808219 0.176 0.3515981735159817
0 0.643 0.3618721461187215 0.23 0.7191780821917808
0 0.751 0.4942922374429224 0.402 0.9794520547945206
0 0.248 0.0639269406392694 0.064 0.1050228310502283
0 0.402 0.06050228310502283 0.052 0.10273972602739725
0 0.904 0.06506849315068493 0.084 0.12557077625570776
0 0.939 0.4874429223744292 0.122 0.8561643835616438