0 0.063 0.6 0.122 0.8
0 0.132 0.3323529411764706 0.1 0.20588235294117646
0 0.209 0.6176470588235294 0.202 0.7470588235294118
0 0.29 0.3264705882352941 0.084 0.2647058823529412
0 0.393 0.6147058823529412 0.234 0.7470588235294118
0 0.56 0.6205882352941177 0.244 0.7588235294117647
0 0.859 0.675 0.282 0.6441176470588236
0 0.608 0.21470588235294116 0.108 0.2
0 0.683 0.33088235294117646 0.198 0.3323529411764706
0 0.835 0.27941176470588236 0.15 0.3764705882352941
0 0.939 0.3029411764705882 0.114 0.3588235294117647
0 0.893 0.08235294117647059 0.098 0.12352941176470589