0 0.122 0.6271393643031785 0.12 0.48655256723716384
0 0.872 0.6430317848410758 0.14 0.4743276283618582
0 0.482 0.14547677261613692 0.076 0.1491442542787286
0 0.415 0.17603911980440098 0.07 0.10757946210268948
0 0.562 0.1980440097799511 0.072 0.12224938875305623
0 0.475 0.4828850855745721 0.198 0.33985330073349634
0 0.312 0.7298288508557457 0.052 0.2469437652811736
0 0.551 0.6943765281173594 0.074 0.254278728606357
0 0.405 0.7200488997555012 0.09 0.2713936430317848
0 0.65 0.7481662591687042 0.096 0.18581907090464547
0 0.617 0.6894865525672371 0.098 0.32273838630806845
0 0.357 0.7139364303178484 0.074 0.28361858190709044