0 0.17 0.783195020746888 0.248 0.3962655601659751
0 0.363 0.7302904564315352 0.306 0.43983402489626555
0 0.629 0.758298755186722 0.194 0.483402489626556
0 0.895 0.7863070539419087 0.21 0.4107883817427386
0 0.697 0.6234439834024896 0.13 0.33402489626556015
0 0.821 0.6109958506224067 0.182 0.2966804979253112
0 0.506 0.5280082987551867 0.112 0.15975103734439833
0 0.595 0.5103734439834025 0.114 0.15767634854771784
0 0.65 0.45020746887966806 0.068 0.08298755186721991
0 0.748 0.4927385892116183 0.052 0.07261410788381743
0 0.85 0.491701244813278 0.076 0.0995850622406639
0 0.936 0.5632780082987552 0.128 0.23858921161825727